7 8
Demo
01;PV01;11.500;60.400;12.900;;02;04
02;PV02;72.800;61.300;13.900;;01;03;05
03;PV03;133.100;62.100;9.200;;02;06
04;PV04;10.100;3.700;10.400;;01;05
05;PV05;71.500;2.900;9.800;;02;04;06
06;PV06;134.600;4.100;7.800;;03;05;07
07;PV07;195.300;5.200;7.500;;06
01;C01;01;02;150;PVC;0.000;0.000;
02;C02;02;03;150;PVC;0.000;0.000;
03;C03;01;04;100;PVC;0.000;0.000;
04;C04;02;05;100;PVC;0.000;0.000;
05;C05;03;06;100;PVC;0.000;0.000;
06;C06;04;05;100;PVC;0.000;0.000;
07;C07;05;06;100;PVC;0.000;0.000;
08;C08;06;07;100;PVC;0.000;0.000;
